alpha
                 1                   2                   3                   4                   5 9

    1     0.34714366038826     0.28850431842990     0.00000000000000    -0.00000000000000     0.00000000000000
    2     0.28850431842990     0.23977030621734     0.00000000000000    -0.00000000000000     0.00000000000000
    3     0.00000000000000     0.00000000000000     0.00000000000000    -0.00000000000000     0.00000000000000
    4    -0.00000000000000    -0.00000000000000    -0.00000000000000     0.00000000000000    -0.00000000000000
    5     0.00000000000000     0.00000000000000     0.00000000000000    -0.00000000000000     0.00000000000000
    6     0.00988851935365     0.00821815536892     0.00000000000000    -0.00000000000000     0.00000000000000
    7     0.00000000000000     0.00000000000000     0.00000000000000    -0.00000000000000     0.00000000000000
    8     0.00000000000000     0.00000000000000     0.00000000000000    -0.00000000000000     0.00000000000000
    9     0.00000000000000     0.00000000000000     0.00000000000000    -0.00000000000000     0.00000000000000

                 6                   7                   8                   9

    1     0.00988851935365     0.00000000000000     0.00000000000000     0.00000000000000
    2     0.00821815536892     0.00000000000000     0.00000000000000     0.00000000000000
    3     0.00000000000000     0.00000000000000     0.00000000000000     0.00000000000000
    4    -0.00000000000000    -0.00000000000000    -0.00000000000000    -0.00000000000000
    5     0.00000000000000     0.00000000000000     0.00000000000000     0.00000000000000
    6     0.00028167823920     0.00000000000000     0.00000000000000     0.00000000000000
    7     0.00000000000000     0.00000000000000     0.00000000000000     0.00000000000000
    8     0.00000000000000     0.00000000000000     0.00000000000000     0.00000000000000
    9     0.00000000000000     0.00000000000000     0.00000000000000     0.00000000000000
