beta
                 1                   2                   3                   4                   5   9

    1     0.00000000000000     0.00000000000000     0.00000000000000     0.00000000000000     0.00000000000000
    2     0.00000000000000     0.00000000000000     0.00000000000000     0.00000000000000     0.00000000000000
    3     0.00000000000000     0.00000000000000     0.00000000000000     0.00000000000000     0.00000000000000
    4     0.00000000000000     0.00000000000000     0.00000000000000     0.00000000000000     0.00000000000000
    5     0.00000000000000     0.00000000000000     0.00000000000000     0.00000000000000     0.00000000000000
    6     0.00000000000000     0.00000000000000     0.00000000000000     0.00000000000000     0.00000000000000
    7     0.00000000000000     0.00000000000000     0.00000000000000     0.00000000000000     0.00000000000000
    8     0.00000000000000     0.00000000000000     0.00000000000000     0.00000000000000     0.00000000000000
    9     0.00000000000000     0.00000000000000     0.00000000000000     0.00000000000000     0.00000000000000

                 6                   7                   8                   9

    1     0.00000000000000     0.00000000000000     0.00000000000000     0.00000000000000
    2     0.00000000000000     0.00000000000000     0.00000000000000     0.00000000000000
    3     0.00000000000000     0.00000000000000     0.00000000000000     0.00000000000000
    4     0.00000000000000     0.00000000000000     0.00000000000000     0.00000000000000
    5     0.00000000000000     0.00000000000000     0.00000000000000     0.00000000000000
    6     0.00000000000000     0.00000000000000     0.00000000000000     0.00000000000000
    7     0.00000000000000     0.00000000000000     0.00000000000000     0.00000000000000
    8     0.00000000000000     0.00000000000000     0.00000000000000     0.00000000000000
    9     0.00000000000000     0.00000000000000     0.00000000000000     0.00000000000000
